
state: 0
max scrambles: 12
actual moves: 12
moves: [(3, 1, 3), (3, 2, 1), (3, 3, 3), (2, 2, 1), (3, 2, 2), (2, 1, 1), (3, 1, 2), (2, 1, 2), (2, 3, 3), (1, 2, 1), (2, 3, 1), (2, 3, 2)]

state: 1
max scrambles: 13
actual moves: 13
moves: [(1, 2, 3), (1, 3, 3), (1, 3, 2), (1, 3, 1), (1, 2, 3), (3, 3, 2), (2, 1, 3), (1, 3, 2), (2, 3, 2), (2, 3, 1), (1, 1, 3), (2, 2, 3), (3, 1, 2)]

state: 2
max scrambles: 14
actual moves: 14
moves: [(2, 1, 3), (2, 3, 1), (3, 2, 1), (3, 1, 1), (1, 3, 3), (3, 3, 3), (1, 3, 3), (3, 1, 1), (3, 3, 3), (2, 1, 1), (1, 3, 1), (2, 3, 1), (3, 3, 3), (2, 3, 3)]

state: 3
max scrambles: 15
actual moves: 15
moves: [(3, 2, 2), (3, 2, 3), (2, 2, 2), (2, 1, 2), (2, 2, 3), (1, 2, 3), (2, 2, 1), (3, 1, 1), (3, 2, 3), (3, 2, 1), (3, 1, 2), (1, 2, 2), (1, 1, 1), (2, 2, 3), (2, 3, 1)]
